1.589705480303678939e+02
1.572998391774920037e+02
1.560787846968647159e+02
1.560787846968647159e+02
1.599331104181651995e+02
1.609482309003591922e+02
1.629129604373724192e+02
1.614531918475692009e+02
1.613434272680781305e+02
1.607596888241963029e+02
1.598118285766893791e+02
1.588583731411969495e+02
1.589077631661753003e+02
1.587693365122891009e+02
1.592184566885754862e+02
1.587352712986762810e+02
1.611896510449181505e+02
1.640658034700345524e+02
1.666400713262847262e+02
1.652789343064829097e+02
1.650539661894228232e+02
1.658739439160933387e+02
1.797425686897543073e+02
2.048697817087643500e+02
2.117273453315455640e+02
2.222949810823525354e+02
2.380088681173315877e+02
2.543628130643750751e+02
2.703336416520180023e+02
2.684607945817751897e+02
2.846011096321986997e+02
3.025450202376508742e+02
3.146166841723400580e+02
3.240203950100582233e+02
3.348403042515382140e+02
3.511532824512283923e+02
3.649243648454956883e+02
3.755638131293559354e+02
4.062945351938382146e+02
4.243631701524483901e+02
4.547657286781436028e+02
4.670700875303259636e+02
4.696991693260811758e+02
4.704456299938254347e+02
4.707879601142633419e+02
4.709463925240787603e+02
4.710201206567436429e+02
4.710300435181301282e+02
4.710490321224803552e+02
4.710260283757050388e+02
4.709953557785624412e+02
4.709455853813211093e+02
4.709692486640938114e+02
4.709954810117918100e+02
4.710105572194430579e+02
4.710146854642105154e+02
4.710106533745794763e+02
4.710009004679527038e+02
4.709938395011004104e+02
4.709743120440568305e+02
4.709342477031810290e+02
4.708662422665591976e+02
4.707841954350733431e+02
4.706976943413768595e+02
4.705525029645737618e+02
4.704068590362261943e+02
4.701956011623343556e+02
4.699182307428621925e+02
4.695806319687185919e+02
4.690888932238603388e+02
4.683854135217104044e+02
4.673427802520841396e+02
4.652563941182582425e+02
4.595624391062343648e+02
4.531182421153437190e+02
4.472293355573829103e+02
4.424108887607774250e+02
4.380033821650825985e+02
4.337611825958731515e+02
4.274246334332091806e+02
4.216739034318287622e+02
4.169534359341594154e+02
4.115631496716102902e+02
4.068983882446428311e+02
4.020523570420048713e+02
3.961925984806929932e+02
3.910654845482617930e+02
3.854980383064245189e+02
3.786620290100381112e+02
3.714257997536348626e+02
3.649606144014090319e+02
3.569610131948842877e+02
3.502979562075158242e+02
3.416160409890202345e+02
3.367961054529716307e+02
3.283790625151203244e+02
3.200420852986445652e+02
3.172497523986296528e+02
3.167441526018573086e+02
3.109255704203060304e+02
3.056027456773886684e+02
3.023273285083716360e+02
2.978689818820416804e+02
2.977398192085196911e+02
2.967026590560322461e+02
2.944180411087876337e+02
2.874037985639723729e+02
2.836406124821896242e+02
2.834564374886766700e+02
2.850663255723738416e+02
2.861362518586335000e+02
2.838777344461291250e+02
2.774999190980434491e+02
2.770354340868111649e+02
2.786103258000998721e+02
2.763804476264333516e+02
2.742574788919110347e+02
2.746784795414723703e+02
2.714993835047077937e+02
2.610343693574531017e+02
2.595529278426528776e+02
2.611638373631581089e+02
2.618583765243390644e+02
2.567490671849054138e+02
2.535626358499517892e+02
2.515009215135995078e+02
2.230617375169828165e+02
2.208416130304163403e+02
2.347727858938932854e+02
2.497071323583382991e+02
2.535306060485438024e+02
2.502353921157009609e+02
2.458286814194304952e+02
2.416781318544401529e+02
2.386705217668248338e+02
2.364808924935720142e+02
2.373522004355580748e+02
2.407556972893813168e+02
2.413781159905345248e+02
2.698873444117067493e+02
2.622976442716012002e+02
2.548083891339369984e+02
2.398423899012796028e+02
2.350028477323539846e+02
2.297188020031292695e+02
2.317542283874655595e+02
2.340047079772215852e+02
2.358006355311130164e+02
2.345986706309547571e+02
2.325670834317903086e+02
2.281259609183848056e+02
2.337195477939979469e+02
2.368155779879684246e+02
2.365992813824884706e+02
2.312661161861018968e+02
2.303885913681903048e+02
1.942420060797479664e+02
2.039739994912857526e+02
2.083042064051625175e+02
2.150648015438558787e+02
2.150648015438558787e+02
2.122978790347080462e+02
2.116336467412269258e+02
2.122774773365584906e+02
2.152582733607068235e+02
2.162088783548531978e+02
2.184048151822755699e+02
2.192940245905473375e+02
2.180461868480859380e+02
2.147115069010313277e+02
2.143736339612790971e+02
2.136560818661276357e+02
2.159339149857662505e+02
2.160326638424164685e+02
2.181050124310305591e+02
2.167434214635446210e+02
2.188324651651067256e+02
2.203287700674194411e+02
2.202184216761262974e+02
2.202846066724937941e+02
2.187671105209200277e+02
2.178818592701032344e+02
2.186161493013285053e+02
2.266244968218925351e+02
2.322541464575275540e+02
2.350412216627848352e+02
2.311164519996137869e+02
2.298542423020290357e+02
2.360432194955657792e+02
2.505113535252006045e+02
2.643818940400468591e+02
2.741029006707287294e+02
2.719908767635711229e+02
2.689382683995915500e+02
2.681228296230939918e+02
2.735348874519104356e+02
2.837193961732771754e+02
2.962506403453727444e+02
3.179970229063455349e+02
3.206160285751741412e+02
3.438988565232619976e+02
3.746167316347291489e+02
3.886023334774446312e+02
3.980631294713740544e+02
4.051580738813560743e+02
4.145601812884113428e+02
4.194201855260968159e+02
4.232171409048985993e+02
4.275470883685547960e+02
4.340442611464401921e+02
4.404082286428039765e+02
4.453064636092313435e+02
4.487965475635766666e+02
4.528618013294739058e+02
4.569824395914079105e+02
4.609310050412523765e+02
4.635090010004611827e+02
4.650046270881347255e+02
4.662028870138084358e+02
4.671524620363128975e+02
4.676610559809973893e+02
4.678041121073602540e+02
4.678769444559342219e+02
4.680531041642859122e+02
4.678025289297462450e+02
4.673006872759116845e+02
4.668077833725550363e+02
4.666271060347484081e+02
4.664230292803051725e+02
4.656144392655823481e+02
4.643610660667112029e+02
4.630874609336035519e+02
4.615540435371034391e+02
4.595317052327243914e+02
4.579259966095179379e+02
4.557437152392975008e+02
4.524869491315683376e+02
4.494845066514592418e+02
4.457382156496946664e+02
4.421809327298690278e+02
4.372044537387724858e+02
4.325253336724039173e+02
4.288623177281917265e+02
4.224593568801283254e+02
4.153708941500129299e+02
4.086616396803951829e+02
4.034875409075993389e+02
3.967662330946062070e+02
3.900139354694106828e+02
3.986767690853798740e+02
4.032600087820392218e+02
